Group	coverage	sobs	chao	chao_lci	chao_hci	npshannon	invsimpson	invsimpson_lci	invsimpson_hci	simpson	simpson_lci	simpson_hci
1	0.995877	128	185.115385	156.88785	240.92523	1.778372	3.241458	3.169963	3.316252	0.308503	0.301545	0.315461
10	0.996702	115	162.3	137.148011	216.015392	2.864918	11.494623	11.208886	11.795309	0.086997	0.084779	0.089215
100	0.968216	505	2640.142857	2003.535742	3547.19305	2.943952	11.037796	10.867151	11.213887	0.090598	0.089175	0.09202
101	0.941079	1940	2892.175926	2729.147809	3088.883622	6.140078	59.670559	56.116082	63.705778	0.016759	0.015697	0.01782
102	0.944753	1649	2952.923077	2711.367698	3249.402002	6.030234	50.953209	47.578352	54.843393	0.019626	0.018234	0.021018
103	0.940255	1239	3138.437126	2779.238744	3581.404	4.774915	32.259492	31.138178	33.464582	0.030999	0.029882	0.032115
104	0.961769	917	2283.263158	1961.084375	2704.858396	5.214841	44.035653	41.44967	46.965778	0.022709	0.021292	0.024126
105	0.967091	668	1558.194444	1346.273517	1836.328305	2.942711	6.603258	6.434286	6.781345	0.15144	0.147463	0.155417
106	0.95952	721	2586.769231	2131.161252	3189.579261	3.362864	9.311652	9.044509	9.595056	0.107392	0.10422	0.110564
107	0.965592	627	2295.428571	1853.5063	2896.57978	2.479534	2.67535	2.608526	2.745688	0.373783	0.364207	0.383358
108	0.960795	775	2038.916667	1750.431298	2412.722045	3.172685	7.756361	7.549414	7.974973	0.128926	0.125392	0.132461
109	0.95907	934	2262.4375	1964.418121	2646.650578	2.909425	2.962751	2.886729	3.042886	0.337524	0.328635	0.346413
11	0.976612	417	1332.396226	1061.847793	1716.454321	1.444687	1.589362	1.562948	1.616684	0.629183	0.61855	0.639816
110	0.968441	681	1892.09589	1577.327444	2317.403377	4.29619	22.072751	21.171987	23.053566	0.045305	0.043377	0.047232
111	0.953373	1459	2697.019231	2444.663817	3013.984153	5.683804	40.961485	38.958515	43.181574	0.024413	0.023158	0.025668
112	0.966342	766	1977.759036	1675.534596	2380.408037	5.120417	81.923648	78.878175	85.213736	0.012206	0.011735	0.012678
113	0.943553	1500	2572.454545	2381.785136	2804.352619	5.261104	32.514041	30.975339	34.213605	0.030756	0.029228	0.032284
114	0.96919	585	1638.1875	1368.446403	2000.80063	3.198169	6.719156	6.494961	6.959382	0.148828	0.143691	0.153966
115	0.967691	800	1829.611111	1574.831917	2168.166459	4.507544	25.820893	24.86823	26.849455	0.038728	0.037245	0.040212
116	0.953448	1074	2890.132075	2488.995125	3404.987336	4.922023	38.171306	36.827206	39.617234	0.026198	0.025242	0.027154
117	0.95907	1319	2624.131579	2332.40039	2999.844468	6.370413	361.157418	350.82603	372.115763	0.002769	0.002687	0.00285
118	0.947901	931	2957.596639	2531.74485	3496.739278	3.501137	10.495136	10.200337	10.807482	0.095282	0.092528	0.098036
119	0.9491	1335	2491.688442	2270.752609	2764.788322	5.113405	15.970991	15.156872	16.877531	0.062614	0.05925	0.065977
12	0.947001	1086	2962.473684	2579.446306	3443.736916	4.402603	21.41245	20.735375	22.135236	0.046702	0.045177	0.048227
120	0.967241	752	1859.744186	1583.937297	2226.987582	4.168681	12.674093	12.11162	13.291353	0.078901	0.075237	0.082565
121	0.915292	2329	3809.011601	3592.494978	4062.631219	5.740091	14.71354	13.964677	15.547271	0.067965	0.06432	0.071609
122	0.943403	1126	3218.904412	2799.814364	3742.926328	4.861436	43.254877	41.769779	44.849472	0.023119	0.022297	0.023941
123	0.957046	864	2340.378378	2012.108686	2762.507644	4.3083	27.062482	26.238376	27.940035	0.036952	0.035791	0.038112
124	0.962594	788	1868.443478	1622.138369	2187.477776	3.617106	12.720789	12.36521	13.097423	0.078611	0.076351	0.080872
125	0.960645	760	2501.139241	2075.146628	3065.116243	3.78126	13.890861	13.481948	14.325354	0.07199	0.069806	0.074173
126	0.957871	748	2519.247191	2103.488017	3062.529213	3.493806	9.562976	9.281873	9.861638	0.10457	0.101403	0.107737
127	0.967766	575	1757.5	1455.891276	2162.376659	2.432606	4.134475	4.033761	4.240348	0.241869	0.23583	0.247908
128	0.948351	1067	2797.043796	2444.168072	3240.337877	4.919538	53.164004	51.534191	54.900272	0.01881	0.018215	0.019405
129	0.962819	829	2107.75	1805.080758	2504.272818	3.406162	5.216421	5.041857	5.403506	0.191702	0.185065	0.19834
13	0.952999	1134	2679.283465	2352.047091	3094.434045	5.193319	50.90799	48.606891	53.437788	0.019643	0.018713	0.020573
130	0.968291	709	1759.035294	1495.090404	2111.60473	5.045569	77.29576	74.449919	80.367812	0.012937	0.012443	0.013432
131	0.95015	961	2515.788732	2198.43392	2914.533003	3.185411	6.026178	5.867301	6.193898	0.165943	0.161449	0.170436
132	0.961394	805	2141.919192	1830.103155	2548.583479	4.367086	28.856852	27.988232	29.781115	0.034654	0.033578	0.035729
133	0.962144	712	2611.402985	2123.889714	3267.25036	2.997654	4.665322	4.538758	4.799147	0.214347	0.20837	0.220325
134	0.977661	351	2194.875	1527.590894	3240.598272	1.498374	2.028041	1.988167	2.069547	0.493087	0.483197	0.502976
135	0.965667	669	2254.651515	1839.300636	2817.41439	4.083886	20.703146	19.997721	21.46016	0.048302	0.046598	0.050006
136	0.951649	958	2733.128205	2352.809247	3217.14773	4.554888	36.962742	35.985038	37.995057	0.027054	0.026319	0.027789
137	0.953373	847	3261.1375	2689.369077	4010.350894	4.17579	24.712542	23.970579	25.501903	0.040465	0.039213	0.041718
138	0.948351	1214	3051.333333	2671.61346	3529.973246	4.681335	16.881437	16.252365	17.561167	0.059237	0.056944	0.06153
139	0.953823	997	2276.864865	2012.80196	2609.572269	4.567393	31.071957	29.996374	32.227543	0.032183	0.031029	0.033337
14	0.938006	1419	3742.47619	3294.239133	4297.855028	5.606757	36.456765	34.234006	38.988205	0.02743	0.025649	0.029211
140	0.965217	683	1625.245614	1406.167578	1910.691651	2.704362	4.512894	4.385074	4.64839	0.221587	0.215128	0.228046
141	0.937706	1182	3130.389831	2769.975072	3572.606124	3.846241	13.6498	13.327965	13.987563	0.073261	0.071492	0.07503
142	0.960045	831	2234.742574	1911.156879	2655.265765	3.509156	7.57147	7.333992	7.824843	0.132075	0.127798	0.136351
143	0.957871	781	2227.247706	1903.043948	2645.127008	3.794116	18.051412	17.623503	18.500617	0.055397	0.054052	0.056742
144	0.951574	829	3045.329787	2545.108816	3691.357958	3.355826	11.786739	11.550066	12.033315	0.084841	0.083103	0.08658
145	0.967241	795	1929.119048	1645.355936	2307.573688	3.811579	9.40398	9.127524	9.697706	0.106338	0.103117	0.109559
146	0.963943	751	2141.843373	1799.804675	2595.428553	4.475249	35.564624	34.425643	36.781551	0.028118	0.027188	0.029048
147	0.976987	453	1186.921875	977.502291	1479.957036	3.207114	8.092786	7.857548	8.342543	0.123567	0.119868	0.127266
148	0.972789	798	1448.524752	1283.957609	1668.821745	4.988076	37.926984	36.243842	39.774068	0.026366	0.025142	0.027591
149	0.96949	521	1754.149254	1425.260349	2202.658477	2.308171	5.1737	5.090924	5.259212	0.193285	0.190143	0.196428
15	0.940555	1228	3022.445714	2685.943859	3436.61414	4.715592	25.092486	24.056987	26.221137	0.039853	0.038137	0.041568
150	0.956597	825	2916.6375	2415.260883	3576.087873	4.286426	22.838602	22.035368	23.702609	0.043786	0.042189	0.045382
151	0.95075	915	3207.510638	2691.658479	3873.14029	4.292111	22.642012	21.862958	23.478638	0.044166	0.042592	0.045739
152	0.956147	780	2252.586207	1929.7092	2666.137936	3.247504	10.783785	10.573725	11.002359	0.092732	0.09089	0.094574
153	0.952474	1005	2342.74	2069.43242	2686.223039	4.478971	27.407255	26.538558	28.334747	0.036487	0.035292	0.037681
154	0.94955	1003	2969.330435	2550.084365	3502.188451	4.791705	45.682773	44.222551	47.242722	0.02189	0.021167	0.022613
155	0.927136	1638	4551	4020.009693	5200.35704	5.198496	12.480639	11.869275	13.158404	0.080124	0.075997	0.084251
156	0.962369	735	1694.931298	1481.476258	1969.42385	3.390678	13.184399	12.93935	13.438908	0.075847	0.074411	0.077284
157	0.963718	650	2187.973684	1802.431312	2702.498079	2.611552	5.174961	5.061678	5.293431	0.193238	0.188913	0.197563
158	0.969115	735	1655.282609	1426.147048	1960.383343	4.911745	41.165353	38.991037	43.59649	0.024292	0.022938	0.025647
159	0.972039	609	1331.6875	1148.674964	1576.762556	3.437948	12.978738	12.679824	13.292085	0.077049	0.075233	0.078865
16	0.951874	1018	2487.721429	2184.334327	2870.025639	4.400708	23.537616	22.726893	24.40832	0.042485	0.04097	0.044001
160	0.958471	983	2117.674074	1873.048845	2429.533256	3.793816	7.419182	7.155045	7.703569	0.134786	0.12981	0.139762
161	0.95922	647	3193.482759	2521.855907	4105.705501	2.422736	4.455935	4.367199	4.548352	0.22442	0.21986	0.22898
162	0.952399	918	2623.889831	2257.883608	3089.875301	4.336052	28.832183	27.957778	29.76305	0.034683	0.033599	0.035768
163	0.964618	1023	2430.037975	2078.801818	2898.120717	5.942358	222.744679	216.044596	229.873636	0.004489	0.00435	0.004629
164	0.967391	513	2439.428571	1890.408411	3207.282256	2.326047	5.428436	5.347993	5.511336	0.184215	0.181444	0.186986
165	0.952699	922	2712.675676	2322.621867	3211.354073	4.057608	15.081632	14.581745	15.617009	0.066306	0.064033	0.068579
166	0.936957	1245	3750.106383	3263.736457	4353.656392	5.066255	53.492691	51.757601	55.348148	0.018694	0.018067	0.019321
167	0.962669	668	2058.483146	1724.198787	2498.567695	2.463849	3.868258	3.770261	3.971485	0.258514	0.251795	0.265234
169	0.973613	449	1614.584906	1277.644507	2088.530778	2.226166	4.644402	4.551652	4.74101	0.215313	0.210926	0.2197
17	0.967691	561	2343.019231	1842.344265	3039.328913	2.656626	4.907651	4.795495	5.025177	0.203763	0.198998	0.208529
170	0.969115	549	1677.88	1384.932018	2073.490063	2.2328	3.875898	3.787836	3.968151	0.258005	0.252007	0.264003
171	0.941754	1146	3155.84	2764.611593	3641.630726	4.660957	31.884277	30.800327	33.047305	0.031363	0.03026	0.032467
172	0.968741	608	1847.085714	1521.396445	2288.905828	3.534421	13.328555	13.011776	13.661143	0.075027	0.0732	0.076853
173	0.944453	1615	2747.933884	2543.128643	2997.932416	5.831318	65.440014	62.367412	68.831054	0.015281	0.014528	0.016034
174	0.967241	637	1639.8	1395.056859	1963.559911	2.368788	2.835325	2.763536	2.910942	0.352693	0.343531	0.361855
175	0.951949	1515	2714.532164	2475.840786	3012.519082	5.689854	37.071196	35.110301	39.264078	0.026975	0.025469	0.028482
176	0.946027	1005	3470.142857	2939.662464	4146.079863	4.54536	32.989757	31.932118	34.119856	0.030312	0.029308	0.031316
177	0.939055	1188	3290.407643	2889.343491	3786.01617	4.566202	26.097776	25.168185	27.098671	0.038317	0.036902	0.039733
178	0.959595	838	2245.679612	1923.33651	2663.758068	4.213675	17.003635	16.330482	17.73467	0.058811	0.056387	0.061235
179	0.955547	1040	2444.224	2142.020921	2829.2991	4.814643	32.647943	31.407422	33.99049	0.03063	0.02942	0.03184
18	0.976162	399	1628.341463	1244.150962	2187.178091	2.034497	3.835516	3.755156	3.91939	0.260721	0.255142	0.266301
180	0.972189	756	1494.010753	1305.854031	1746.553566	5.407906	122.122673	118.102063	126.426682	0.008188	0.00791	0.008467
181	0.974813	455	1516.886792	1207.351238	1953.772785	1.922375	2.566292	2.506941	2.62852	0.389667	0.380442	0.398892
182	0.958396	1298	2147.364641	1972.702308	2367.242368	5.686104	73.167048	69.769797	76.912072	0.013667	0.013002	0.014333
183	0.965892	721	1659.954545	1439.154973	1948.639815	3.600476	10.324641	9.963251	10.713236	0.096856	0.093342	0.100369
184	0.957121	811	2366.295238	2016.128236	2818.208201	2.87599	4.760438	4.642934	4.884043	0.210065	0.204748	0.215381
185	0.943853	1135	2773.163743	2460.171618	3160.081439	3.739668	8.154272	7.868797	8.461241	0.122635	0.118186	0.127084
186	0.957121	1442	2669.864662	2406.543049	3005.073446	6.407688	271.111277	257.971424	285.661534	0.003689	0.003501	0.003876
187	0.944603	1016	3129.883721	2699.458235	3670.36011	4.266335	24.976806	24.305115	25.686678	0.040037	0.038931	0.041144
188	0.968066	572	1943.590909	1579.626253	2439.02323	2.09606	3.347435	3.283812	3.413573	0.298736	0.292948	0.304524
189	0.974888	689	1511.720588	1284.107449	1826.38984	5.0674	53.705837	51.247438	56.411985	0.01862	0.017727	0.019513
19	0.972414	550	1300.311111	1107.54073	1559.732085	2.05044	2.986734	2.921826	3.054591	0.334814	0.327376	0.342252
190	0.929385	2178	3497.080357	3285.64396	3748.877513	6.307841	38.627829	36.040077	41.615939	0.025888	0.024029	0.027747
191	0.965217	722	1624.655462	1416.349892	1895.452884	3.105152	5.327331	5.158278	5.50784	0.187711	0.181559	0.193863
192	0.958396	750	2318.72449	1957.773616	2787.547842	3.035882	6.292731	6.104687	6.492727	0.158914	0.154018	0.163809
193	0.958621	882	2252.054054	1944.886566	2647.991001	4.12733	14.042894	13.516826	14.61157	0.07121	0.068439	0.073982
194	0.958096	817	2074.75	1799.817682	2426.591577	3.724422	14.808353	14.367895	15.276669	0.067529	0.065459	0.0696
195	0.965967	860	1990.010989	1714.242666	2354.803392	5.313869	85.271948	82.15831	88.630883	0.011727	0.011283	0.012172
196	0.952174	1239	2611.993243	2331.211621	2964.957141	5.503086	45.312011	42.887053	48.027632	0.022069	0.020821	0.023317
197	0.954498	1277	2365.289941	2145.021916	2641.452871	5.313427	31.427523	29.868519	33.158236	0.031819	0.030158	0.03348
198	0.937256	1754	3396.56338	3103.996089	3752.535019	5.58581	13.908487	13.187606	14.712736	0.071899	0.067968	0.075829
199	0.973463	603	1321.172414	1133.771822	1574.738881	4.503358	41.024966	39.672496	42.472904	0.024375	0.023544	0.025206
2	0.948051	997	2930.693548	2527.976916	3439.342991	4.60363	37.457223	36.376398	38.604242	0.026697	0.025904	0.02749
20	0.965742	602	1842.428571	1534.989251	2251.175528	1.83738	2.198037	2.15248	2.245564	0.454951	0.445322	0.46458
200	0.965067	679	1807.59375	1536.744971	2163.968022	2.069372	2.281246	2.232185	2.332513	0.438357	0.428722	0.447992
201	0.947451	1088	3066.629032	2655.54411	3585.520053	4.872688	19.176524	18.199815	20.264009	0.052147	0.049349	0.054946
202	0.938831	1153	3384.677852	2954.2621	3917.942447	4.237934	21.53983	20.900803	22.219166	0.046426	0.045006	0.047845
203	0.965067	788	1746.80531	1523.768134	2037.452891	4.508027	38.42603	37.430769	39.475663	0.026024	0.025332	0.026716
204	0.975787	577	1429.508197	1186.573308	1769.26058	5.00351	95.549113	93.109261	98.120275	0.010466	0.010192	0.01074
205	0.9509	980	2615	2274.425352	3045.182821	4.210589	13.665033	13.078397	14.306768	0.073179	0.069897	0.076462
206	0.969715	551	1930.762712	1551.173559	2454.414786	3.107921	8.363765	8.155718	8.582704	0.119563	0.116513	0.122613
207	0.96949	554	1561.573171	1304.269118	1907.119394	2.700408	6.579313	6.412441	6.755102	0.151992	0.148036	0.155947
208	0.974138	494	1274.789474	1064.73602	1562.150916	2.237386	3.954588	3.860012	4.053914	0.252871	0.246675	0.259067
209	0.95997	800	2282.40625	1936.99392	2732.752895	4.465941	36.439787	35.39563	37.547422	0.027443	0.026633	0.028252
21	0.934033	1933	3386.984962	3140.980815	3683.087621	6.225712	60.854059	56.860705	65.450693	0.016433	0.015279	0.017587
210	0.95	995	2926.4	2513.849191	3451.008129	4.536258	18.469297	17.739022	19.262282	0.054144	0.051915	0.056373
211	0.944678	1216	3560.422414	3070.614004	4179.590506	4.617409	16.411934	15.834669	17.032881	0.060931	0.05871	0.063153
212	0.965367	692	1824.882979	1551.309409	2185.552648	3.344751	8.633602	8.376115	8.907421	0.115827	0.112266	0.119387
213	0.948726	978	3290.732673	2783.410726	3940.612518	4.468973	29.306566	28.426799	30.242527	0.034122	0.033066	0.035178
214	0.966417	670	2164.447761	1772.885255	2695.028534	4.808778	65.845719	63.898707	67.915111	0.015187	0.014724	0.01565
215	0.956447	832	2964.78481	2452.197287	3639.541454	3.938346	14.032865	13.563401	14.535993	0.071261	0.068795	0.073728
216	0.953223	914	2176.181818	1918.516988	2499.939274	3.655729	13.161157	12.809997	13.532111	0.075981	0.073898	0.078064
217	0.964768	753	1889.237113	1617.650833	2246.128473	3.743414	5.820837	5.603787	6.055379	0.171797	0.165142	0.178451
218	0.973238	451	1774.875	1383.973383	2329.558432	2.061414	3.289089	3.208039	3.37434	0.304036	0.296354	0.311717
219	0.964393	725	1687.179487	1465.819401	1974.682937	4.125349	24.960669	24.183475	25.789475	0.040063	0.038776	0.041351
22	0.962294	838	2210.315217	1883.482741	2639.320081	4.256374	11.823756	11.310137	12.386244	0.084575	0.080735	0.088416
220	0.977061	450	1330.471698	1069.272336	1701.840856	3.562202	16.732407	16.308304	17.179158	0.059764	0.05821	0.061318
221	0.952924	1096	2267.892857	2032.688192	2562.157982	4.755793	30.53115	29.446819	31.698392	0.032753	0.031547	0.03396
222	0.953823	900	3238.518519	2685.584938	3962.676406	4.649312	40.55555	39.235783	41.967193	0.024658	0.023828	0.025487
23	0.953823	891	3146	2617.83425	3835.709371	4.493556	29.369971	28.286328	30.539951	0.034048	0.032744	0.035353
24	0.960045	745	2095.266667	1786.579692	2495.437423	3.721937	16.241114	15.832525	16.671351	0.061572	0.059983	0.063161
25	0.967916	541	1925.515152	1558.435663	2425.032843	1.559373	1.737437	1.706232	1.769804	0.575561	0.565034	0.586087
26	0.95045	1050	2677.835821	2341.076327	3102.434395	4.752418	35.165773	33.954474	36.466695	0.028437	0.027422	0.029451
27	0.949625	1050	3063	2630.993402	3613.052442	4.678396	13.228722	12.592668	13.932447	0.075593	0.071775	0.079411
28	0.955697	902	2663.060606	2263.900907	3179.210069	4.296198	15.73405	15.051857	16.481017	0.063556	0.060676	0.066437
29	0.976987	360	1925.7	1393.523757	2731.901443	1.511974	2.272657	2.233999	2.312677	0.440014	0.432399	0.447628
3	0.96949	728	1297.8	1165.129143	1470.737117	3.913702	18.56251	18.101309	19.047826	0.053872	0.052499	0.055245
30	0.956522	785	2369.056604	2014.207411	2826.344123	2.961631	6.587366	6.425848	6.757212	0.151806	0.14799	0.155621
31	0.956372	905	2500.009434	2142.965985	2960.028268	3.931764	8.577156	8.235225	8.948711	0.116589	0.111748	0.12143
32	0.960345	787	2056.6	1768.65251	2429.01094	3.495885	8.739814	8.479176	9.016983	0.114419	0.110902	0.117936
33	0.966192	637	2107.652174	1725.484549	2623.999098	3.954782	20.001859	19.380986	20.663828	0.049995	0.048394	0.051597
34	0.958471	915	1950.006757	1730.429525	2228.711307	4.665014	21.740591	20.64075	22.964239	0.045997	0.043546	0.048448
35	0.945952	1517	2713.129032	2491.611797	2984.994402	5.29868	20.327073	19.342341	21.417449	0.049195	0.046691	0.0517
36	0.958171	941	2559.78125	2185.97085	3045.830595	5.077641	32.263528	30.663592	34.039614	0.030995	0.029378	0.032612
37	0.950675	1014	2484.428571	2185.609574	2859.461348	4.177185	18.009563	17.43729	18.620672	0.055526	0.053704	0.057348
38	0.96949	888	1690.145631	1493.859933	1950.023709	5.580534	94.834966	89.274428	101.134199	0.010545	0.009888	0.011201
39	0.952249	1317	2615.5	2352.452356	2945.372605	5.836761	113.769895	108.982231	118.997539	0.00879	0.008404	0.009176
4	0.958321	1425	2426.883117	2215.932266	2694.097017	6.411151	313.128678	301.811232	325.327964	0.003194	0.003074	0.003313
40	0.951199	892	2851.027778	2424.275242	3396.63476	4.185943	27.462031	26.773214	28.187227	0.036414	0.035477	0.037351
41	0.959895	832	2260.45	1930.721665	2689.130398	4.509338	32.819945	31.75639	33.957209	0.030469	0.029449	0.03149
42	0.955547	757	3891.428571	3065.995152	5011.942875	3.762901	15.768987	15.268559	16.303328	0.063416	0.061337	0.065494
43	0.963118	1059	1749.205714	1601.208199	1937.599639	3.306228	3.56472	3.462494	3.673165	0.280527	0.272245	0.288809
44	0.954198	1057	2706.159292	2345.94552	3167.039818	4.879259	17.284519	16.412762	18.254078	0.057855	0.054782	0.060928
45	0.978036	433	1343.170213	1063.770015	1746.331003	1.761117	2.195143	2.149534	2.242729	0.455551	0.445885	0.465217
46	0.974138	447	1404.096774	1135.905192	1776.695648	2.28349	4.918173	4.807079	5.034523	0.203328	0.198629	0.208027
47	0.968066	666	1694.693182	1438.321927	2036.166539	4.34954	21.428205	20.461265	22.491068	0.046667	0.044462	0.048873
48	0.960945	1108	2596.571429	2243.753229	3058.991501	5.522876	30.742956	28.884187	32.857413	0.032528	0.030435	0.034621
49	0.942804	1146	2684.111111	2397.133731	3036.913603	4.228365	16.056649	15.429176	16.737322	0.062279	0.059747	0.064812
5	0.961844	651	2026.382979	1701.169763	2452.307184	2.251939	3.226266	3.146685	3.309976	0.309956	0.302117	0.317795
50	0.955172	845	2320.231405	2001.222154	2727.257394	3.847895	15.395638	14.938885	15.881202	0.064953	0.062968	0.066939
51	0.975187	535	1326.521739	1107.585751	1629.170894	2.251689	3.140187	3.063609	3.220691	0.318452	0.310492	0.326412
52	0.977361	489	1259.355932	1035.228551	1575.446802	2.796614	4.726776	4.607762	4.852102	0.211561	0.206096	0.217025
53	0.955622	1132	2218.559006	1995.339069	2499.493394	5.074444	48.054008	46.351423	49.886441	0.02081	0.020046	0.021574
54	0.937781	1311	3559.594771	3130.114478	4090.472378	5.136275	41.438528	39.703931	43.331612	0.024132	0.023078	0.025186
55	0.947826	992	2866.883721	2480.249932	3353.96145	4.282615	17.392889	16.674844	18.175557	0.057495	0.055019	0.059971
56	0.972639	494	1849.714286	1452.851529	2410.836098	1.673247	2.284982	2.248244	2.322941	0.43764	0.430489	0.444792
57	0.943628	1596	3209.577143	2902.974023	3588.106309	6.340822	208.894589	197.114533	222.17215	0.004787	0.004501	0.005073
58	0.964243	720	1650.540984	1438.252388	1925.574164	2.125547	2.328267	2.276395	2.382558	0.429504	0.419717	0.439291
59	0.969265	708	1671.735632	1428.91148	1996.350089	4.345531	25.761568	24.822845	26.774081	0.038818	0.03735	0.040285
6	0.965217	927	1980.098039	1730.135056	2307.858016	5.309499	46.889051	44.19824	49.928737	0.021327	0.020029	0.022625
60	0.942579	1457	2921.975	2651.693302	3253.403936	4.910033	26.491519	25.64404	27.396927	0.037748	0.0365	0.038995
61	0.958471	751	2453.011111	2053.466227	2975.120489	3.25242	9.474913	9.239582	9.722545	0.105542	0.102854	0.10823
62	0.962369	735	1838.078947	1586.564901	2163.878953	2.267039	3.218939	3.161634	3.278359	0.310661	0.305031	0.316292
63	0.955922	1054	1908.346535	1738.264449	2120.70455	4.764405	30.477779	29.151127	31.930939	0.032811	0.031318	0.034304
64	0.945727	1011	3174.024793	2725.022359	3740.647156	4.610501	41.477589	40.407491	42.605908	0.024109	0.023471	0.024748
65	0.951049	949	2849.696429	2439.426985	3372.900634	4.653507	38.572347	37.290763	39.945156	0.025925	0.025034	0.026816
66	0.962294	723	1973.029703	1681.193662	2353.749941	3.940319	21.748696	21.153325	22.37855	0.04598	0.044686	0.047274
67	0.960795	761	2197.873684	1860.834328	2638.197258	4.176706	26.23747	25.476832	27.044925	0.038113	0.036976	0.039251
68	0.974813	752	1237.172414	1114.067666	1402.133367	3.276168	4.814801	4.662362	4.977545	0.207693	0.200902	0.214484
69	0.959595	852	2030.788618	1770.424045	2364.964097	4.410783	29.687513	28.749732	30.688534	0.033684	0.032585	0.034783
7	0.922114	1516	4185.509901	3729.985661	4734.757573	4.471414	17.739507	17.213143	18.299077	0.056371	0.054648	0.058095
70	0.972264	519	1884.3	1487.481038	2443.708917	2.941537	3.758658	3.643375	3.881475	0.266052	0.257634	0.274471
71	0.95045	995	2782.95082	2405.443603	3261.498374	4.51895	32.537157	31.615312	33.514374	0.030734	0.029838	0.03163
72	0.963568	666	2196.584416	1814.373519	2706.005813	2.966267	7.496146	7.325196	7.675265	0.133402	0.130289	0.136515
73	0.968291	677	2093.714286	1713.124007	2614.103429	4.791619	49.928551	47.793261	52.263563	0.020029	0.019134	0.020923
74	0.960945	895	1978.68	1738.024451	2288.034734	3.869768	9.082271	8.752115	9.438314	0.110105	0.105951	0.114258
75	0.953073	922	2512.447154	2173.227997	2943.631675	4.246644	23.598035	22.837192	24.411323	0.042376	0.040965	0.043788
76	0.976387	432	1229.66129	1001.908261	1548.431499	2.128485	4.049928	3.973993	4.128822	0.246918	0.2422	0.251636
77	0.972639	483	1520.96875	1235.318965	1915.077583	1.652436	1.945459	1.907324	1.98515	0.514018	0.50374	0.524295
78	0.957046	834	2365.570093	2022.304546	2807.994764	4.058743	19.683404	19.106502	20.296228	0.050804	0.04927	0.052338
79	0.973463	731	1755.278689	1468.719611	2153.148492	5.041191	53.621131	51.397658	56.045679	0.018649	0.017843	0.019456
8	0.953298	818	2775.10101	2336.051278	3341.1324	3.462397	12.208199	11.89575	12.537503	0.081912	0.079761	0.084064
80	0.972264	491	1648.033898	1324.648426	2096.865735	1.971594	2.93885	2.874111	3.006572	0.340269	0.332605	0.347934
81	0.943178	1466	2651.549587	2438.726561	2910.936202	4.879681	22.072362	21.286107	22.918929	0.045306	0.043632	0.046979
82	0.971964	487	1512.75	1235.479313	1892.734327	1.644399	2.355834	2.314419	2.398759	0.424478	0.416882	0.432074
83	0.960195	1106	2050.395973	1847.921011	2308.12764	5.532857	57.30073	53.930416	61.120372	0.017452	0.016361	0.018542
84	0.965517	590	2292.741935	1840.08365	2909.30887	2.005604	2.539419	2.481698	2.599889	0.393791	0.384632	0.40295
85	0.941079	1422	2949.252475	2669.932841	3291.091066	4.901886	26.597863	25.622246	27.650719	0.037597	0.036165	0.039029
86	0.973238	566	1413.28	1186.534094	1722.879863	3.909281	18.988962	18.424932	19.588615	0.052662	0.05105	0.054274
87	0.96057	861	2378.307692	2019.37293	2848.462391	4.574768	31.457236	30.397665	32.593342	0.031789	0.030681	0.032897
88	0.940105	1514	3346.189655	3002.841319	3768.719083	5.369642	38.970175	37.36527	40.719134	0.025661	0.024558	0.026763
89	0.984558	309	731.3	593.455697	935.942232	1.903861	2.236915	2.186599	2.289601	0.447044	0.436757	0.457331
9	0.952624	954	2588.393443	2239.925054	3031.292076	4.471973	30.571666	29.65071	31.551666	0.03271	0.031694	0.033726
90	0.958246	794	2533.842697	2124.758605	3068.681973	3.930222	15.899371	15.395351	16.437509	0.062896	0.060836	0.064955
91	0.936132	2055	3443.988506	3206.003266	3731.180361	6.646852	147.425725	136.51099	160.237514	0.006783	0.006241	0.007325
92	0.884183	2846	5109.263757	4818.707855	5442.615013	6.374874	51.13395	48.083479	54.59769	0.019556	0.018316	0.020797
93	0.972789	458	1772.06	1388.932627	2312.864287	2.038413	3.321674	3.256221	3.389813	0.301053	0.295001	0.307105
94	0.95997	843	2102.389381	1818.92617	2468.186065	4.3591	28.402487	27.542931	29.317421	0.035208	0.034109	0.036307
95	0.97099	589	1238.486957	1080.186942	1447.803992	2.800906	7.882701	7.745883	8.024439	0.12686	0.124619	0.129101
97	0.964393	1022	1952.371901	1739.587473	2228.252766	5.171954	27.650313	26.122975	29.36734	0.036166	0.034051	0.03828
98	0.963043	662	2072.209302	1729.870958	2524.294561	2.165235	2.652863	2.590309	2.718514	0.376951	0.367848	0.386054
99	0.972564	508	1585.33871	1286.946839	1998.035824	1.871526	2.144126	2.099186	2.191033	0.46639	0.456406	0.476375
BL	0.94003	1114	3845.623932	3284.711327	4551.47656	3.880598	5.155092	4.971808	5.352407	0.193983	0.186832	0.201134
BLK1	0.952474	858	2948.21875	2477.324315	3556.047811	3.635847	5.153286	4.969379	5.351328	0.194051	0.186869	0.201232